0.00846
0.00569
0.01487
0.03728
0.07353
0.12347
0.18614
0.25974
0.34179
0.42923
0.51865
0.60658
0.68971
0.76511
0.83045
0.88412
0.92525
0.95374
0.97007
0.97524
0.97053
0.95731
0.93691
0.91041
0.87860
0.84195
0.80058
0.75441
0.70315
0.64651
0.58423
0.51620
0.44248
0.36334
0.27922
0.19073
0.09850
0.00321
-0.09452
-0.19418
-0.29537
-0.39781
-0.50135
-0.60591
-0.71148
-0.81807
-0.92575
-1.03454
-1.14450
-1.25561
-1.36786
-1.48113
-1.59518
-1.70959
-1.82369
-1.93649
-2.04668
-2.15259
-2.25225
-2.34344
-2.42387
-2.49130
-2.54375
-2.57968
-2.59814
-2.59885
-2.58229
-2.54962
-2.50257
-2.44327
-2.37406
-2.29723
-2.21480
-2.12839
-2.03911
-1.94750
-1.85364
-1.75720
-1.65765
-1.55441
-1.44701
-1.33521
-1.21906
-1.09892
-0.97539
-0.84920
-0.72109
-0.59167
-0.46134
-0.33018
-0.19800
-0.06436
0.07134
0.20970
0.35122
0.49616
0.64445
0.79566
0.94907
1.10367
1.25835
1.41202
1.56374
1.71284
1.85898
2.00219
2.14274
2.28113
2.41783
2.55317
2.68715
2.81929
2.94855
3.07327
3.19129
3.29997
3.39645
3.47784
3.54144
3.58503
3.60700
3.60655
3.58372
3.53942
3.47535
3.39382
3.29755
3.18946
3.07237
2.94879
2.82072
2.68949
2.55569
2.41913
2.27896
2.13377
1.98175
1.82092
1.64935
1.46538
1.26776
1.05584
0.82964
0.58986
0.33788
0.07571
-0.19419
-0.46898
-0.74562
-1.02100
-1.29210
-1.55611
-1.81047
-2.05298
-2.28178
-2.49538
-2.69260
-2.87256
-3.03456
-3.17807
-3.30263
-3.40782
-3.49320
-3.55833
-3.60273
-3.62594
-3.62755
-3.60725
-3.56493
-3.50070
-3.41500
-3.30860
-3.18268
-3.03876
-2.87874
-2.70480
-2.51938
-2.32506
-2.12447
-1.92022
-1.71484
-1.51067
-1.30985
-1.11429
-0.92565
-0.74535
-0.57460
-0.41442
-0.26559
-0.12878
-0.00444
0.10715
0.20589
0.29187
0.36543
0.42708
0.47758
0.51785
0.54897
0.57214
0.58861
0.59960
0.60629
0.60971
0.61073
0.61002
0.60804
0.60504
0.60110
0.59617
0.59012
0.58276
0.57395
0.56363
0.55184
0.53878
0.52479
0.51038
0.49623
0.48310
0.47190
0.46353
0.45895
0.45904
0.46461
0.47632
0.49465
0.51982
0.55182
0.59030
0.63460
0.68373
0.73637
0.79092
0.84553
0.89820
0.94683
0.98936
1.02388
1.04871
1.06258
1.06467
1.05468
1.03292
1.00027
0.95814
0.90841
0.85336
0.79545
0.73725
0.68120
0.62954
0.58408
0.54617
0.51655
0.49538
0.48221
0.47605
0.47548
0.47873
0.48388
0.48899
0.49223
0.49205
0.48729
0.47719
0.46148
0.44032
0.41429
0.38423
0.35121
0.31636
0.28078
0.24545
0.21116
0.17849
0.14785
0.11948
0.09358
0.07036
0.05015
0.03344
0.02092
0.01350
0.01220
0.01807
0.03207
0.05488
0.08679
0.12752
0.17621
0.23135
0.29081
0.35200
0.41200
0.46778
0.51643
0.55534
0.58243
0.59621
0.59592
0.58145
0.55330
0.51246
0.46021
0.39797
0.32718
0.24907
0.16466
0.07469
-0.02040
-0.12038
-0.22520
-0.33488
-0.44944
-0.56882
-0.69283
-0.82113
-0.95319
-1.08832
-1.22565
-1.36415
-1.50266
-1.63984
-1.77421
-1.90417
-2.02797
-2.14379
-2.24981
-2.34426
-2.42551
-2.49224
-2.54346
-2.57866
-2.59783
-2.60147
-2.59057
-2.56654
-2.53102
-2.48585
-2.43279
-2.37346
-2.30916
-2.24082
-2.16890
-2.09344
-2.01408
-1.93011
-1.84062
-1.74456
-1.64090
-1.52867
-1.40706
-1.27549
-1.13363
-0.98141
-0.81907
-0.64708
-0.46618
-0.27735
-0.08179
0.11916
0.32400
0.53117
0.73908
0.94618
1.15106
1.35243
1.54922
1.74055
1.92575
2.10427
2.27569
2.43954
2.59534
2.74239
2.87985
3.00663
3.12144
3.22286
3.30946
3.37986
3.43291
3.46785
3.48434
3.48261
3.46341
3.42805
3.37825
3.31604
3.24356
3.16294
3.07605
2.98439
2.88895
2.79015
2.68785
2.58140
2.46972
2.35149
2.22529
2.08982
1.94405
1.78739
1.61978
1.44177
1.25450
1.05966
0.85938
0.65609
0.45232
0.25057
0.05309
-0.13826
-0.32213
-0.49773
-0.66488
-0.82394
-0.97573
-1.12143
-1.26238
-1.39995
-1.53534
-1.66949
-1.80290
-1.93562
-2.06721
-2.19676
-2.32297
-2.44425
-2.55888
-2.66507
-2.76116
-2.84566
-2.91739
-2.97546
-3.01934
-3.04878
-3.06381
-3.06465
-3.05169
-3.02535
-2.98610
-2.93441
-2.87069
-2.79534
-2.70873
-2.61120
-2.50313
-2.38493
-2.25706
-2.12009
-1.97463
-1.82144
-1.66137
-1.49538
-1.32457
-1.15017
-0.97352
-0.79609
-0.61944
-0.44518
-0.27498
-0.11044
0.04691
0.19571
0.33483
0.46338
0.58083
0.68694
0.78184
0.86595
0.93993
1.00463
1.06102
1.11005
1.15259
1.18934
1.22076
1.24702
1.26798
1.28321
1.29202
1.29356
1.28690
1.27117
1.24568
1.21005
1.16431
1.10899
1.04514
0.97431
0.89853
0.82012
0.74161
0.66554
0.59426
0.52981
0.47374
0.42705
0.39016
0.36294
0.34483
0.33491
0.33210
0.33533
0.34365
0.35638
0.37314
0.39387
0.41878
0.44826
0.48273
0.52249
0.56758
0.61766
0.67192
0.72902
0.78717
0.84414
0.89741
0.94433
0.98230
1.00897
1.02237
1.02110
1.00442
0.97231
0.92545
0.86522
0.79356
0.71286
0.62580
0.53518
0.44376
0.35412
0.26852
0.18886
0.11658
0.05275
-0.00200
-0.04735
-0.08324
-0.10980
-0.12729
-0.13605
-0.13642
-0.12880
-0.11359
-0.09126
-0.06229
-0.02726
0.01317
0.05829
0.10730
0.15935
0.21358
0.26905
0.32481
0.37985
0.43308
0.48329
0.52916
0.56918
0.60176
0.62519
0.63773
0.63777
0.62390
0.59505
0.55067
0.49077
0.41598
0.32757
0.22737
0.11767
0.00100
0.00846
0.00569
0.01487
0.03728
0.07353
0.12347
0.18614
0.25974
0.34179
0.42923
0.51865
0.60658
0.68971
0.76511
0.83045
0.88412
0.92525
0.95374
0.97007
0.97524
0.97053
0.95731
0.93691
0.91041
0.87860
0.84195
0.80058
0.75441
0.70315
0.64651
0.58423
0.51620
0.44248
0.36334
0.27922
0.19073
0.09850
0.00321
-0.09452
-0.19418
-0.29537
-0.39781
-0.50135
-0.60591
-0.71148
-0.81807
-0.92575
-1.03454
-1.14450
