-6.01 -5.64 -136.82
-7.17 -4.89 -145.76
-8.05 -3.70 -155.44
-8.55 -2.04 -166.69
-8.58 0.07 179.53
-8.11 2.54 162.69
-7.17 5.24 143.93
-5.83 7.96 126.12
-4.20 10.51 111.59
-2.44 12.70 100.70
-0.69 14.35 92.70
0.91 15.35 86.71
2.25 15.66 82.04
3.27 15.27 78.18
3.96 14.23 74.72
4.35 12.65 71.28
4.47 10.67 67.48
4.38 8.48 62.82
4.14 6.28 56.69
3.79 4.24 48.25
3.37 2.51 36.67
2.90 1.16 21.77
2.40 0.21 4.98
1.90 -0.38 -11.24
1.42 -0.68 -25.72
1.00 -0.81 -39.04
0.69 -0.86 -51.30
0.54 -0.92 -59.55
0.60 -1.06 -60.34
0.90 -1.29 -55.33
1.41 -1.62 -48.86
2.12 -1.99 -43.27
2.93 -2.37 -38.96
3.75 -2.70 -35.72
4.46 -2.94 -33.36
4.96 -3.08 -31.85
5.15 -3.14 -31.34
4.99 -3.15 -32.19
4.48 -3.15 -35.12
3.65 -3.22 -41.38
2.60 -3.40 -52.56
1.44 -3.72 -68.85
0.30 -4.21 -85.98
-0.72 -4.84 -98.41
-1.51 -5.58 -105.12
-2.04 -6.37 -107.66
-2.28 -7.15 -107.62
-2.27 -7.86 -106.05
-2.08 -8.47 -103.68
-1.75 -8.95 -100.99
-1.37 -9.32 -98.31
-0.99 -9.59 -95.86
-0.65 -9.81 -93.73
-0.34 -10.01 -91.94
-0.07 -10.24 -90.40
0.18 -10.51 -89.03
0.44 -10.83 -87.72
0.71 -11.15 -86.40
1.00 -11.43 -85.06
1.30 -11.58 -83.71
1.57 -11.53 -82.34
1.81 -11.20 -80.92
2.00 -10.50 -79.35
2.13 -9.40 -77.33
2.24 -7.90 -74.25
2.36 -6.02 -68.62
2.55 -3.83 -56.37
2.86 -1.47 -27.19
3.33 0.92 15.43
3.98 3.18 38.62
4.77 5.15 47.20
5.66 6.72 49.94
6.55 7.81 50.09
7.32 8.39 48.96
7.85 8.48 47.24
8.06 8.16 45.35
7.88 7.53 43.67
7.30 6.73 42.65
6.35 5.90 42.90
5.12 5.18 45.35
3.74 4.67 51.32
2.38 4.44 61.85
1.18 4.50 75.31
0.28 4.81 86.65
-0.23 5.31 92.51
-0.34 5.88 93.25
-0.05 6.43 90.49
0.53 6.86 85.63
1.29 7.10 79.78
2.08 7.14 73.82
2.77 7.01 68.51
3.23 6.76 64.54
3.36 6.49 62.65
3.12 6.29 63.65
2.49 6.25 68.33
1.50 6.43 76.93
0.20 6.85 88.33
-1.33 7.45 100.03
-2.99 8.17 109.99
-4.69 8.87 117.75
-6.35 9.43 123.80
-7.88 9.75 128.82
-9.21 9.75 133.35
-10.31 9.40 137.70
-11.15 8.75 142.00
-11.70 7.89 146.19
-11.97 6.98 149.98
-11.99 6.21 152.90
-11.80 5.73 154.33
-11.44 5.71 153.71
-10.97 6.20 150.71
-10.44 7.21 145.54
-9.91 8.61 139.07
-9.38 10.22 132.51
-8.88 11.78 126.82
-8.36 13.04 122.40
-7.80 13.74 119.25
-7.13 13.69 117.17
-6.30 12.77 115.99
-5.29 10.92 115.62
-4.08 8.22 116.31
-2.73 4.82 119.53
-1.33 1.01 142.76
-0.00 -2.85 -90.06
1.10 -6.39 -80.28
1.83 -9.30 -78.97
2.06 -11.37 -79.84
1.74 -12.50 -82.19
0.86 -12.70 -86.18
-0.50 -12.07 -92.32
-2.18 -10.76 -101.31
-3.97 -9.00 -113.65
-5.62 -7.06 -128.48
-6.91 -5.22 -142.99
-7.63 -3.72 -154.11
-7.66 -2.76 -160.27
-6.92 -2.46 -160.54
-5.45 -2.85 -152.41
-3.34 -3.92 -130.38
-0.76 -5.58 -97.72
2.08 -7.68 -74.96
4.94 -10.06 -64.05
7.61 -12.54 -59.00
9.95 -14.95 -56.70
11.85 -17.15 -55.78
13.27 -19.00 -55.59
14.22 -20.43 -55.76
14.73 -21.38 -56.11
14.83 -21.81 -56.50
14.56 -21.71 -56.89
13.93 -21.11 -57.28
12.96 -20.05 -57.76
11.65 -18.59 -58.48
10.02 -16.85 -59.73
8.09 -14.95 -61.97
5.93 -13.06 -65.88
3.63 -11.30 -72.37
1.33 -9.79 -82.31
-0.81 -8.61 -95.30
-2.63 -7.77 -108.64
-4.03 -7.20 -119.10
-4.90 -6.82 -125.63
-5.23 -6.46 -128.95
-5.06 -5.97 -130.27
-4.51 -5.21 -130.87
-3.72 -4.05 -132.60
-2.89 -2.43 -139.99
-2.20 -0.34 -171.11
-1.82 2.13 130.40
-1.84 4.88 110.64
-2.32 7.73 106.60
-3.20 10.50 106.77
-4.36 13.02 108.26
-5.64 15.18 110.02
-6.84 16.90 111.54
-7.74 18.15 112.51
-8.16 18.94 112.68
-7.98 19.33 111.79
-7.12 19.36 109.58
-5.59 19.09 105.79
-3.45 18.59 100.15
-0.84 17.90 92.59
2.04 17.06 83.36
4.96 16.10 73.25
7.69 15.04 63.32
10.02 13.89 54.45
11.80 12.67 47.09
12.96 11.41 41.25
13.46 10.12 36.73
13.33 8.84 33.28
12.63 7.57 30.67
11.49 6.33 28.62
10.03 5.10 26.80
8.41 3.89 24.70
6.80 2.67 21.38
5.31 1.43 15.01
4.05 0.16 2.23
3.07 -1.12 -20.11
2.35 -2.38 -45.37
1.86 -3.56 -62.51
1.50 -4.59 -72.00
1.18 -5.40 -77.75
0.81 -5.94 -82.28
0.32 -6.16 -87.00
-0.31 -6.07 -92.87
-1.06 -5.70 -100.54
-1.90 -5.14 -110.20
-2.72 -4.49 -121.15
-3.42 -3.85 -131.65
-3.92 -3.32 -139.74
-4.16 -2.99 -144.26
-4.10 -2.89 -144.88
-3.80 -2.99 -141.77
-3.32 -3.25 -135.66
-2.80 -3.56 -128.22
-2.38 -3.82 -121.93
-2.20 -3.94 -119.12
-2.35 -3.85 -121.36
-2.88 -3.52 -129.25
-3.76 -2.98 -141.61
-4.90 -2.30 -154.87
-6.13 -1.58 -165.60
-7.25 -0.92 -172.82
-8.06 -0.41 -177.11
-8.37 -0.11 -179.28
-8.07 -0.01 -179.96
-7.09 -0.05 -179.56
-5.46 -0.15 -178.47
-3.31 -0.15 -177.42
-0.81 0.07 174.80
1.77 0.63 19.52
4.18 1.57 20.52
6.18 2.87 24.85
7.59 4.43 30.20
8.33 6.09 36.10
8.38 7.63 42.29
7.80 8.81 48.55
6.71 9.45 54.72
5.29 9.38 60.73
3.70 8.53 66.68
2.11 6.90 73.03
0.66 4.58 81.78
-0.57 1.78 107.83
-1.57 -1.27 -141.11
-2.38 -4.26 -119.12
-3.05 -6.93 -113.69
-3.69 -9.05 -112.02
-4.36 -10.49 -112.37
-5.12 -11.20 -114.34
-5.98 -11.20 -117.89
-6.90 -10.55 -123.02
-7.81 -9.38 -129.68
-8.58 -7.83 -137.65
-9.10 -6.05 -146.53
-9.26 -4.16 -155.94
-8.97 -2.29 -165.76
-8.20 -0.52 -176.40
-6.96 1.11 170.98
-5.34 2.57 154.38
-3.47 3.83 132.16
-1.53 4.88 107.37
0.28 5.68 87.18
1.77 6.19 74.10
2.79 6.37 66.38
3.26 6.16 62.15
3.15 5.52 60.31
2.52 4.45 60.49
1.48 2.98 63.52
0.20 1.17 80.19
-1.12 -0.83 -143.63
-2.30 -2.87 -128.75
-3.18 -4.77 -123.60
-3.63 -6.37 -119.60
-3.61 -7.51 -115.58
-3.15 -8.11 -111.10
-2.32 -8.13 -105.85
-1.27 -7.60 -99.44
-0.16 -6.61 -91.37
0.85 -5.28 -80.92
1.60 -3.79 -67.18
2.00 -2.31 -49.23
2.00 -0.99 -26.45
1.62 0.06 2.25
0.94 0.81 40.86
0.09 1.28 85.98
-0.78 1.56 116.63
-1.52 1.78 130.57
-1.99 2.09 133.64
-2.10 2.64 128.45
-1.80 3.54 116.87
-1.11 4.85 102.86
-0.11 6.52 90.94
1.09 8.45 82.69
2.34 10.45 77.52
3.48 12.30 74.41
4.39 13.78 72.60
4.98 14.67 71.59
5.19 14.81 71.03
5.06 14.13 70.62
4.64 12.58 70.03
4.05 10.25 68.64
3.42 7.28 64.95
2.90 3.93 53.65
2.60 0.52 11.26
2.62 -2.64 -45.22
2.96 -5.25 -60.67
3.58 -7.13 -63.46
4.37 -8.20 -62.05
5.19 -8.47 -58.63
5.85 -8.06 -54.11
6.18 -7.15 -49.20
6.03 -5.97 -44.74
5.30 -4.80 -42.10
4.00 -3.86 -44.03
2.16 -3.37 -57.29
-0.04 -3.43 -90.63
-2.39 -4.10 -120.19
-4.62 -5.31 -131.02
-6.48 -6.94 -133.00
-7.73 -8.82 -131.18
-8.24 -10.75 -127.32
-7.92 -12.55 -122.01
-6.81 -14.05 -115.51
-5.02 -15.16 -107.95
-2.74 -15.81 -99.60
-0.25 -16.00 -90.86
2.18 -15.74 -82.29
4.29 -15.06 -74.42
5.88 -14.02 -67.60
6.83 -12.68 -61.97
7.15 -11.08 -57.38
6.89 -9.28 -53.52
6.21 -7.33 -49.76
5.30 -5.27 -44.84
4.36 -3.17 -35.98
3.59 -1.10 -16.99
3.11 0.87 15.58
3.00 2.64 41.27
3.26 4.12 51.64
3.82 5.24 53.97
4.54 5.94 52.65
5.29 6.19 49.52
5.93 6.01 45.38
6.35 5.44 40.55
6.49 4.56 35.07
6.34 3.51 28.87
5.96 2.40 21.91
5.42 1.39 14.38
4.82 0.60 7.13
4.26 0.14 1.87
3.81 0.06 0.95
3.50 0.40 6.50
3.31 1.13 18.87
3.17 2.21 34.87
3.00 3.56 49.92
2.68 5.08 62.24
2.13 6.68 72.38
1.29 8.26 81.21
0.13 9.75 89.22
-1.29 11.07 96.56
-2.90 12.19 103.19
-4.57 13.08 109.00
-6.17 13.71 113.91
-7.57 14.09 117.92
-8.67 14.21 121.07
-9.41 14.09 123.45
-9.79 13.76 125.15
-9.82 13.26 126.28
-9.58 12.64 126.95
-9.16 11.96 127.27
-8.65 11.29 127.30
-8.14 10.69 127.14
-7.68 10.22 126.80
-7.32 9.92 126.28
-7.04 9.80 125.58
-6.83 9.83 124.66
-6.65 9.97 123.57
-6.46 10.13 122.35
-6.22 10.22 121.15
-5.91 10.12 120.13
-5.55 9.73 119.53
-5.15 8.97 119.71
-4.74 7.79 121.24
-4.37 6.17 125.27
-4.08 4.17 134.37
-3.88 1.88 154.20
-3.77 -0.56 -171.54
-3.75 -2.97 -141.68
-3.79 -5.15 -126.26
-3.83 -6.95 -118.79
-3.85 -8.22 -114.99
-3.81 -8.89 -113.08
-3.69 -8.94 -112.31
-3.48 -8.42 -112.37
-3.19 -7.42 -113.14
-2.81 -6.11 -114.60
-2.36 -4.70 -116.60
-1.84 -3.41 -118.39
-1.26 -2.45 -117.23
-0.61 -2.02 -106.73
0.14 -2.21 -86.27
1.01 -3.08 -71.91
1.99 -4.57 -66.47
3.10 -6.55 -64.76
4.29 -8.81 -64.18
5.52 -11.12 -63.82
6.71 -13.22 -63.42
7.76 -14.92 -62.90
8.59 -16.05 -62.29
9.09 -16.51 -61.64
9.21 -16.30 -61.01
8.88 -15.46 -60.53
8.11 -14.07 -60.38
6.92 -12.29 -60.89
5.39 -10.33 -62.63
3.63 -8.37 -66.68
1.77 -6.61 -75.05
-0.03 -5.22 -90.29
-1.63 -4.27 -110.80
-2.90 -3.82 -127.25
-3.78 -3.82 -134.67
-4.21 -4.21 -134.96
-4.19 -4.88 -130.64
-3.78 -5.71 -123.47
-3.05 -6.57 -114.85
-2.12 -7.37 -106.01
-1.12 -8.02 -97.89
-0.16 -8.46 -91.11
0.62 -8.66 -85.94
1.14 -8.61 -82.48
1.35 -8.30 -80.80
1.24 -7.75 -80.99
0.82 -6.99 -83.33
0.18 -6.06 -88.28
-0.58 -4.99 -96.59
-1.34 -3.85 -109.11
-1.96 -2.70 -125.97
-2.33 -1.61 -145.48
-2.36 -0.63 -165.15
-1.99 0.19 174.50
-1.20 0.82 145.57
-0.04 1.28 91.95
1.40 1.58 48.44
3.02 1.81 30.90
4.66 2.03 23.55
6.17 2.35 20.79
7.43 2.84 20.84
8.33 3.57 23.09
8.81 4.57 27.27
8.85 5.81 33.17
8.48 7.26 40.49
7.77 8.81 48.65
6.79 10.36 56.91
5.67 11.80 64.56
4.53 13.03 71.10
3.46 13.98 76.35
2.55 14.64 80.31
1.85 14.98 83.10
1.37 15.05 84.90
1.09 14.90 85.90
0.96 14.57 86.33
0.90 14.12 86.44
0.84 13.58 86.52
0.73 12.95 86.84
0.50 12.22 87.67
0.16 11.37 89.21
-0.29 10.36 91.61
-0.81 9.17 95.00
-1.31 7.79 99.50
-1.72 6.27 105.29
-1.95 4.67 112.63
-1.93 3.10 121.96
-1.64 1.67 134.35
-1.06 0.51 154.20
-0.25 -0.29 -130.49
0.70 -0.69 -44.42
1.68 -0.68 -21.97
2.54 -0.32 -7.08
3.17 0.28 5.12
3.47 0.98 15.76
3.36 1.60 25.45
2.87 2.00 34.86
2.03 2.04 45.08
0.96 1.64 59.60
-0.21 0.77 105.24
-1.32 -0.54 -157.74
-2.24 -2.20 -135.53
-2.88 -4.09 -125.06
-3.18 -6.07 -117.56
-3.17 -7.99 -111.53
-2.93 -9.71 -106.62
-2.57 -11.15 -102.83
-2.25 -12.25 -100.24
-2.08 -12.96 -98.97
-2.17 -13.28 -99.13
-2.55 -13.21 -100.75
-3.20 -12.78 -103.84
-4.02 -12.02 -108.25
-4.86 -10.93 -113.75
-5.56 -9.57 -120.02
-5.98 -7.96 -126.81
-5.99 -6.18 -134.09
-5.54 -4.28 -142.33
-4.66 -2.36 -153.15
-3.44 -0.52 -171.46
-2.06 1.15 150.72
-0.70 2.56 105.16
0.44 3.66 83.13
1.19 4.40 74.86
1.47 4.81 73.09
1.25 4.93 75.82
0.62 4.85 82.74
-0.27 4.67 93.36
-1.24 4.50 105.33
-2.06 4.45 114.79
-2.55 4.57 119.11
-2.59 4.91 117.75
-2.12 5.44 111.24
-1.19 6.09 100.98
0.09 6.76 89.23
1.53 7.31 78.23
2.91 7.60 69.14
4.02 7.51 61.95
4.67 6.94 56.14
4.75 5.86 50.97
4.22 4.25 45.22
3.09 2.19 35.33
1.46 -0.20 -7.96
-0.52 -2.77 -100.64
-2.67 -5.31 -116.67
-4.81 -7.64 -122.11
-6.77 -9.59 -125.07
-8.42 -11.06 -127.12
-9.67 -11.96 -128.82
-10.49 -12.27 -130.41
-10.86 -12.00 -132.07
-10.79 -11.20 -133.90
-10.31 -9.96 -136.02
-9.45 -8.36 -138.57
-8.25 -6.53 -141.74
-6.76 -4.58 -145.97
-5.05 -2.63 -152.50
-3.18 -0.78 -166.17
-1.25 0.90 144.26
0.65 2.37 74.75
2.39 3.61 56.48
3.88 4.63 50.00
5.04 5.45 47.25
5.79 6.11 46.54
6.12 6.65 47.40
6.02 7.10 49.75
5.54 7.48 53.57
4.75 7.82 58.82
3.76 8.11 65.24
2.68 8.35 72.33
1.61 8.52 79.34
0.67 8.60 85.57
-0.08 8.57 90.52
-0.59 8.43 93.96
-0.84 8.17 95.86
-0.86 7.80 96.25
-0.67 7.33 95.18
-0.32 6.79 92.66
0.15 6.17 88.64
0.68 5.50 83.00
1.24 4.74 75.41
1.80 3.89 65.16
2.35 2.88 50.75
2.89 1.68 30.19
3.41 0.25 4.15
3.90 -1.45 -20.32
4.37 -3.39 -37.78
4.81 -5.53 -49.03
5.20 -7.77 -56.30
5.53 -9.96 -61.14
5.78 -11.94 -64.42
5.93 -13.55 -66.66
-6.01 -5.64 -136.82
-7.17 -4.89 -145.76
-8.05 -3.70 -155.44
-8.55 -2.04 -166.69
-8.58 0.07 179.53
-8.11 2.54 162.69
-7.17 5.24 143.93
-5.83 7.96 126.12
-4.20 10.51 111.59
-2.44 12.70 100.70
-0.69 14.35 92.70
0.91 15.35 86.71
2.25 15.66 82.04
3.27 15.27 78.18
3.96 14.23 74.72
4.35 12.65 71.28
4.47 10.67 67.48
4.38 8.48 62.82
4.14 6.28 56.69
3.79 4.24 48.25
3.37 2.51 36.67
2.90 1.16 21.77
2.40 0.21 4.98
1.90 -0.38 -11.24
1.42 -0.68 -25.72
1.00 -0.81 -39.04
0.69 -0.86 -51.30
0.54 -0.92 -59.55
0.60 -1.06 -60.34
0.90 -1.29 -55.33
1.41 -1.62 -48.86
2.12 -1.99 -43.27
2.93 -2.37 -38.96
3.75 -2.70 -35.72
4.46 -2.94 -33.36
4.96 -3.08 -31.85
5.15 -3.14 -31.34
4.99 -3.15 -32.19
4.48 -3.15 -35.12
3.65 -3.22 -41.38
2.60 -3.40 -52.56
1.44 -3.72 -68.85
0.30 -4.21 -85.98
-0.72 -4.84 -98.41
-1.51 -5.58 -105.12
-2.04 -6.37 -107.66
-2.28 -7.15 -107.62
-2.27 -7.86 -106.05
-2.08 -8.47 -103.68
